1.288249551693133697e+02 1.412537544622754027e+01
3.019951720402019055e+04 1.584893192461114040e+03
6.165950018614821602e+02 3.801893963205612437e+01
5.011872336272725079e+03 5.248074602497728165e+02
1.000000000000000000e+03 6.918309709189365719e+01
2.691534803926915487e+01 1.412537544622754027e+01
1.202264434617413080e+01 7.943282347242815788e+00
8.709635899560805683e+01 3.311311214825911264e+01
7.244359600749898163e+03 1.778279410038922776e+02
3.019951720402016235e+02 2.398832919019490006e+01
6.918309709189362593e+02 9.549925860214359545e+02
5.888436553555889986e+03 1.071519305237605977e+03
2.041737944669529497e+03 8.128305161640990661e+01
8.511380382023764346e-01 2.137962089502232210e+00
9.549925860214359963e-01 1.819700858609983429e+00
