1.288249551693133697e+02 3.890451449942806761e+01
3.019951720402019055e+04 6.165950018614822170e+01
6.165950018614821602e+02 2.290867652767773421e+01
5.011872336272725079e+03 6.606934480075960892e+01
3.090295432513591950e+05 5.495408738576247742e+02
1.000000000000000000e+03 2.187761623949553069e+01
2.691534803926915487e+01 1.288249551693134265e+01
1.071519305237605977e+02 1.698243652461744446e+01
3.801893963205612863e+02 2.187761623949553069e+01
1.819700858609982561e+03 7.079457843841380793e+01
1.995262314968878741e+02 2.818382931264453362e+01
1.288249551693133697e+02 3.890451449942806761e+01
8.128305161640992926e-01 5.011872336272721995e+00
2.089296130854039646e+00 8.912509381337454073e+00
8.511380382023766344e+00 1.412537544622754027e+01
4.265795188015925277e+01 1.288249551693134265e+01
8.912509381337454784e+01 2.187761623949553069e+01
8.511380382023764346e-01 2.754228703338166273e+00
1.778279410038922797e+05 2.041737944669529625e+01
1.174897554939530324e+06 5.128613839913648462e+02
7.413102413009177326e+03 2.137962089502232459e+02
2.089296130854038893e+03 7.413102413009177383e+01
1.023292992280753606e+04 2.041737944669529554e+02
4.073802778041127937e+01 1.584893192461113287e+01
3.235936569296282705e+00 6.165950018614822170e+00
3.162277660168379498e+03 7.943282347242814012e+01
9.549925860214359963e-01 6.025595860743577781e+00
5.370317963702526676e-01 4.897788193684461611e+00
4.570881896148750179e-01 4.570881896148750734e+00
2.630267991895381963e-01 4.168693834703353751e+00
1.819700858609983596e-01 3.548133892335755046e+00
1.288249551693133876e-01 3.235936569296282705e+00
1.258925411794167282e-01 3.162277660168379523e+00
